(kicad_pcb (version 20171130) (host pcbnew "(5.1.4-0-10_14)")

  (general
    (thickness 1.6)
    (drawings 8)
    (tracks 121)
    (zones 0)
    (modules 14)
    (nets 18)
  )

  (page A4)
  (title_block
    (title "César Cruz Diseño de PCB")
    (date 11/01/2020)
    (company CESE-FIUBA)
  )

  (layers
    (0 F.Cu signal)
    (31 B.Cu signal)
    (32 B.Adhes user)
    (33 F.Adhes user)
    (34 B.Paste user)
    (35 F.Paste user)
    (36 B.SilkS user)
    (37 F.SilkS user hide)
    (38 B.Mask user)
    (39 F.Mask user)
    (40 Dwgs.User user)
    (41 Cmts.User user)
    (42 Eco1.User user)
    (43 Eco2.User user)
    (44 Edge.Cuts user)
    (45 Margin user)
    (46 B.CrtYd user)
    (47 F.CrtYd user)
    (48 B.Fab user)
    (49 F.Fab user)
  )

  (setup
    (last_trace_width 0.25)
    (trace_clearance 0.2)
    (zone_clearance 0.508)
    (zone_45_only no)
    (trace_min 0.2)
    (via_size 0.8)
    (via_drill 0.4)
    (via_min_size 0.4)
    (via_min_drill 0.3)
    (uvia_size 0.3)
    (uvia_drill 0.1)
    (uvias_allowed no)
    (uvia_min_size 0.2)
    (uvia_min_drill 0.1)
    (edge_width 0.05)
    (segment_width 0.2)
    (pcb_text_width 0.3)
    (pcb_text_size 1.5 1.5)
    (mod_edge_width 0.12)
    (mod_text_size 1 1)
    (mod_text_width 0.15)
    (pad_size 1.524 1.524)
    (pad_drill 0.762)
    (pad_to_mask_clearance 0.051)
    (solder_mask_min_width 0.25)
    (aux_axis_origin 0 0)
    (visible_elements FFFFFF7F)
    (pcbplotparams
      (layerselection 0x010fc_ffffffff)
      (usegerberextensions false)
      (usegerberattributes false)
      (usegerberadvancedattributes false)
      (creategerberjobfile false)
      (excludeedgelayer true)
      (linewidth 0.100000)
      (plotframeref false)
      (viasonmask false)
      (mode 1)
      (useauxorigin false)
      (hpglpennumber 1)
      (hpglpenspeed 20)
      (hpglpendiameter 15.000000)
      (psnegative false)
      (psa4output false)
      (plotreference true)
      (plotvalue true)
      (plotinvisibletext false)
      (padsonsilk false)
      (subtractmaskfromsilk false)
      (outputformat 1)
      (mirror false)
      (drillshape 1)
      (scaleselection 1)
      (outputdirectory ""))
  )

  (net 0 "")
  (net 1 VCC)
  (net 2 GND)
  (net 3 /D-)
  (net 4 /D+)
  (net 5 /XTAL1)
  (net 6 /XTAL2)
  (net 7 /PB3)
  (net 8 "Net-(IC1-Pad5)")
  (net 9 /MOSI)
  (net 10 /MISO)
  (net 11 /SCK)
  (net 12 /RST)
  (net 13 "Net-(IC1-Pad11)")
  (net 14 "Net-(IC1-Pad12)")
  (net 15 "Net-(IC1-Pad13)")
  (net 16 "Net-(JP1-Pad2)")
  (net 17 "Net-(R4-Pad1)")

  (net_class Default "Esta es la clase de red por defecto."
    (clearance 0.2)
    (trace_width 0.25)
    (via_dia 0.8)
    (via_drill 0.4)
    (uvia_dia 0.3)
    (uvia_drill 0.1)
    (add_net /D+)
    (add_net /D-)
    (add_net /MISO)
    (add_net /MOSI)
    (add_net /PB3)
    (add_net /RST)
    (add_net /SCK)
    (add_net /XTAL1)
    (add_net /XTAL2)
    (add_net GND)
    (add_net "Net-(IC1-Pad11)")
    (add_net "Net-(IC1-Pad12)")
    (add_net "Net-(IC1-Pad13)")
    (add_net "Net-(IC1-Pad5)")
    (add_net "Net-(JP1-Pad2)")
    (add_net "Net-(R4-Pad1)")
    (add_net VCC)
  )

  (net_class BS2 ""
    (clearance 0.2)
    (trace_width 0.25)
    (via_dia 0.8)
    (via_drill 0.4)
    (uvia_dia 0.3)
    (uvia_drill 0.1)
  )

  (module fab:fab-SOD123 (layer F.Cu) (tedit 200000) (tstamp 5F8A0FB8)
    (at 54.5 63.25 270)
    (descr "SMALL OUTLINE DIODE")
    (tags "SMALL OUTLINE DIODE")
    (path /5F70324B)
    (attr smd)
    (fp_text reference D2 (at 0 1.5 90) (layer F.SilkS)
      (effects (font (size 1.27 1.27) (thickness 0.1016)))
    )
    (fp_text value " " (at 1.905 2.54 90) (layer F.SilkS)
      (effects (font (size 1.27 1.27) (thickness 0.1016)))
    )
    (fp_line (start -0.99822 0) (end -0.99822 0.49784) (layer F.SilkS) (width 0.2032))
    (fp_line (start -0.99822 -0.49784) (end -0.99822 0) (layer F.SilkS) (width 0.2032))
    (fp_line (start 0 0.49784) (end -0.99822 0) (layer F.SilkS) (width 0.2032))
    (fp_line (start 0 -0.49784) (end 0 0.49784) (layer F.SilkS) (width 0.2032))
    (fp_line (start -0.99822 0) (end 0 -0.49784) (layer F.SilkS) (width 0.2032))
    (fp_line (start 1.3208 0.78486) (end 1.3208 -0.78486) (layer F.SilkS) (width 0.1016))
    (fp_line (start -1.3208 0.78486) (end -1.3208 -0.78486) (layer F.SilkS) (width 0.1016))
    (fp_line (start -1.3208 0.78486) (end 1.3208 0.78486) (layer F.SilkS) (width 0.1016))
    (fp_line (start -1.3208 -0.78486) (end 1.3208 -0.78486) (layer F.SilkS) (width 0.1016))
    (fp_line (start 2.9718 -0.98298) (end 2.9718 0.98298) (layer F.SilkS) (width 0.0508))
    (fp_line (start -2.9718 0.98298) (end -2.9718 -0.98298) (layer F.SilkS) (width 0.0508))
    (fp_line (start 2.9718 0.98298) (end -2.9718 0.98298) (layer F.SilkS) (width 0.0508))
    (fp_line (start -2.9718 -0.98298) (end 2.9718 -0.98298) (layer F.SilkS) (width 0.0508))
    (fp_line (start -0.39878 0.6985) (end -0.39878 -0.6985) (layer F.SilkS) (width 0.06604))
    (fp_line (start -0.39878 -0.6985) (end 0.39878 -0.6985) (layer F.SilkS) (width 0.06604))
    (fp_line (start 0.39878 0.6985) (end 0.39878 -0.6985) (layer F.SilkS) (width 0.06604))
    (fp_line (start -0.39878 0.6985) (end 0.39878 0.6985) (layer F.SilkS) (width 0.06604))
    (fp_line (start 1.3716 0.3048) (end 1.3716 -0.3048) (layer F.SilkS) (width 0.06604))
    (fp_line (start 1.3716 -0.3048) (end 1.9558 -0.3048) (layer F.SilkS) (width 0.06604))
    (fp_line (start 1.9558 0.3048) (end 1.9558 -0.3048) (layer F.SilkS) (width 0.06604))
    (fp_line (start 1.3716 0.3048) (end 1.9558 0.3048) (layer F.SilkS) (width 0.06604))
    (fp_line (start -1.9558 0.3048) (end -1.9558 -0.3048) (layer F.SilkS) (width 0.06604))
    (fp_line (start -1.9558 -0.3048) (end -1.3716 -0.3048) (layer F.SilkS) (width 0.06604))
    (fp_line (start -1.3716 0.3048) (end -1.3716 -0.3048) (layer F.SilkS) (width 0.06604))
    (fp_line (start -1.9558 0.3048) (end -1.3716 0.3048) (layer F.SilkS) (width 0.06604))
    (pad CATHODE smd rect (at -1.69926 0 270) (size 1.59766 0.79756) (layers F.Cu F.Paste F.Mask)
      (net 4 /D+))
    (pad ANODE smd rect (at 1.69926 0 270) (size 1.59766 0.79756) (layers F.Cu F.Paste F.Mask)
      (net 2 GND))
  )

  (module fab:fab-SOD123 (layer F.Cu) (tedit 200000) (tstamp 5F8A0F99)
    (at 57.5 61.75 270)
    (descr "SMALL OUTLINE DIODE")
    (tags "SMALL OUTLINE DIODE")
    (path /5F700804)
    (attr smd)
    (fp_text reference D1 (at 0 1.5 90) (layer F.SilkS)
      (effects (font (size 1.27 1.27) (thickness 0.1016)))
    )
    (fp_text value " " (at 1.905 2.54 90) (layer F.SilkS)
      (effects (font (size 1.27 1.27) (thickness 0.1016)))
    )
    (fp_line (start -0.99822 0) (end -0.99822 0.49784) (layer F.SilkS) (width 0.2032))
    (fp_line (start -0.99822 -0.49784) (end -0.99822 0) (layer F.SilkS) (width 0.2032))
    (fp_line (start 0 0.49784) (end -0.99822 0) (layer F.SilkS) (width 0.2032))
    (fp_line (start 0 -0.49784) (end 0 0.49784) (layer F.SilkS) (width 0.2032))
    (fp_line (start -0.99822 0) (end 0 -0.49784) (layer F.SilkS) (width 0.2032))
    (fp_line (start 1.3208 0.78486) (end 1.3208 -0.78486) (layer F.SilkS) (width 0.1016))
    (fp_line (start -1.3208 0.78486) (end -1.3208 -0.78486) (layer F.SilkS) (width 0.1016))
    (fp_line (start -1.3208 0.78486) (end 1.3208 0.78486) (layer F.SilkS) (width 0.1016))
    (fp_line (start -1.3208 -0.78486) (end 1.3208 -0.78486) (layer F.SilkS) (width 0.1016))
    (fp_line (start 2.9718 -0.98298) (end 2.9718 0.98298) (layer F.SilkS) (width 0.0508))
    (fp_line (start -2.9718 0.98298) (end -2.9718 -0.98298) (layer F.SilkS) (width 0.0508))
    (fp_line (start 2.9718 0.98298) (end -2.9718 0.98298) (layer F.SilkS) (width 0.0508))
    (fp_line (start -2.9718 -0.98298) (end 2.9718 -0.98298) (layer F.SilkS) (width 0.0508))
    (fp_line (start -0.39878 0.6985) (end -0.39878 -0.6985) (layer F.SilkS) (width 0.06604))
    (fp_line (start -0.39878 -0.6985) (end 0.39878 -0.6985) (layer F.SilkS) (width 0.06604))
    (fp_line (start 0.39878 0.6985) (end 0.39878 -0.6985) (layer F.SilkS) (width 0.06604))
    (fp_line (start -0.39878 0.6985) (end 0.39878 0.6985) (layer F.SilkS) (width 0.06604))
    (fp_line (start 1.3716 0.3048) (end 1.3716 -0.3048) (layer F.SilkS) (width 0.06604))
    (fp_line (start 1.3716 -0.3048) (end 1.9558 -0.3048) (layer F.SilkS) (width 0.06604))
    (fp_line (start 1.9558 0.3048) (end 1.9558 -0.3048) (layer F.SilkS) (width 0.06604))
    (fp_line (start 1.3716 0.3048) (end 1.9558 0.3048) (layer F.SilkS) (width 0.06604))
    (fp_line (start -1.9558 0.3048) (end -1.9558 -0.3048) (layer F.SilkS) (width 0.06604))
    (fp_line (start -1.9558 -0.3048) (end -1.3716 -0.3048) (layer F.SilkS) (width 0.06604))
    (fp_line (start -1.3716 0.3048) (end -1.3716 -0.3048) (layer F.SilkS) (width 0.06604))
    (fp_line (start -1.9558 0.3048) (end -1.3716 0.3048) (layer F.SilkS) (width 0.06604))
    (pad CATHODE smd rect (at -1.69926 0 270) (size 1.59766 0.79756) (layers F.Cu F.Paste F.Mask)
      (net 3 /D-))
    (pad ANODE smd rect (at 1.69926 0 270) (size 1.59766 0.79756) (layers F.Cu F.Paste F.Mask)
      (net 2 GND))
  )

  (module fab:fab-SOIC-14_3.9x8.7mm_P1.27mm (layer F.Cu) (tedit 5EABE9B1) (tstamp 5F8A0FD3)
    (at 68 58.75 90)
    (descr "SOIC, 14 Pin, fab version")
    (tags "SOIC fab")
    (path /5F8CD30F)
    (attr smd)
    (fp_text reference IC1 (at 0 -5.28 90) (layer F.SilkS)
      (effects (font (size 1 1) (thickness 0.15)))
    )
    (fp_text value ATTINY44-SSU (at 0 0 90) (layer F.SilkS)
      (effects (font (size 1.27 1.27) (thickness 0.15)))
    )
    (fp_line (start 0 4.435) (end 1.95 4.435) (layer F.SilkS) (width 0.12))
    (fp_line (start 0 4.435) (end -1.95 4.435) (layer F.SilkS) (width 0.12))
    (fp_line (start 0 -4.435) (end 1.95 -4.435) (layer F.SilkS) (width 0.12))
    (fp_line (start 0 -4.435) (end -3.45 -4.435) (layer F.SilkS) (width 0.12))
    (fp_line (start -0.975 -4.325) (end 1.95 -4.325) (layer F.Fab) (width 0.1))
    (fp_line (start 1.95 -4.325) (end 1.95 4.325) (layer F.Fab) (width 0.1))
    (fp_line (start 1.95 4.325) (end -1.95 4.325) (layer F.Fab) (width 0.1))
    (fp_line (start -1.95 4.325) (end -1.95 -3.35) (layer F.Fab) (width 0.1))
    (fp_line (start -1.95 -3.35) (end -0.975 -4.325) (layer F.Fab) (width 0.1))
    (pad 1 smd rect (at -2.475 -3.81 90) (size 2 0.6) (layers F.Cu F.Paste F.Mask)
      (net 1 VCC))
    (pad 2 smd rect (at -2.475 -2.54 90) (size 2 0.6) (layers F.Cu F.Paste F.Mask)
      (net 5 /XTAL1))
    (pad 3 smd rect (at -2.475 -1.27 90) (size 2 0.6) (layers F.Cu F.Paste F.Mask)
      (net 6 /XTAL2))
    (pad 4 smd rect (at -2.475 0 90) (size 2 0.6) (layers F.Cu F.Paste F.Mask)
      (net 7 /PB3))
    (pad 5 smd rect (at -2.475 1.27 90) (size 2 0.6) (layers F.Cu F.Paste F.Mask)
      (net 8 "Net-(IC1-Pad5)"))
    (pad 6 smd rect (at -2.475 2.54 90) (size 2 0.6) (layers F.Cu F.Paste F.Mask)
      (net 8 "Net-(IC1-Pad5)"))
    (pad 7 smd rect (at -2.475 3.81 90) (size 2 0.6) (layers F.Cu F.Paste F.Mask)
      (net 9 /MOSI))
    (pad 8 smd rect (at 2.475 3.81 90) (size 2 0.6) (layers F.Cu F.Paste F.Mask)
      (net 10 /MISO))
    (pad 9 smd rect (at 2.475 2.54 90) (size 2 0.6) (layers F.Cu F.Paste F.Mask)
      (net 11 /SCK))
    (pad 10 smd rect (at 2.475 1.27 90) (size 2 0.6) (layers F.Cu F.Paste F.Mask)
      (net 12 /RST))
    (pad 11 smd rect (at 2.475 0 90) (size 2 0.6) (layers F.Cu F.Paste F.Mask)
      (net 13 "Net-(IC1-Pad11)"))
    (pad 12 smd rect (at 2.475 -1.27 90) (size 2 0.6) (layers F.Cu F.Paste F.Mask)
      (net 14 "Net-(IC1-Pad12)"))
    (pad 13 smd rect (at 2.475 -2.54 90) (size 2 0.6) (layers F.Cu F.Paste F.Mask)
      (net 15 "Net-(IC1-Pad13)"))
    (pad 14 smd rect (at 2.475 -3.81 90) (size 2 0.6) (layers F.Cu F.Paste F.Mask)
      (net 2 GND))
    (model ${KISYS3DMOD}/Package_SO.3dshapes/SOIC-14_3.9x8.7mm_P1.27mm.wrl
      (at (xyz 0 0 0))
      (scale (xyz 1 1 1))
      (rotate (xyz 0 0 0))
    )
  )

  (module fab:fab-EFOBM (layer F.Cu) (tedit 200000) (tstamp 5F8A0FE4)
    (at 66.5 66.25 90)
    (path /5F6E8255)
    (attr smd)
    (fp_text reference M1 (at -2.75 0 180) (layer F.SilkS)
      (effects (font (size 1.27 1.27) (thickness 0.15)))
    )
    (fp_text value Reson. (at 0.25 -2.5 90) (layer F.SilkS)
      (effects (font (size 1.27 1.27) (thickness 0.15)))
    )
    (pad 1 smd rect (at -1.34874 0 180) (size 3.8989 0.79756) (layers F.Cu F.Paste F.Mask)
      (net 5 /XTAL1))
    (pad 2 smd rect (at 0 0) (size 3.8989 0.79756) (layers F.Cu F.Paste F.Mask)
      (net 2 GND))
    (pad 3 smd rect (at 1.34874 0) (size 3.8989 0.79756) (layers F.Cu F.Paste F.Mask)
      (net 6 /XTAL2))
  )

  (module fab:fab-DX4R005HJ5_64 (layer F.Cu) (tedit 200000) (tstamp 5F8A0FFD)
    (at 47.661921 60.25 270)
    (path /5F9126DB)
    (attr smd)
    (fp_text reference M3 (at -3.7973 -0.254) (layer F.SilkS)
      (effects (font (size 0.6096 0.6096) (thickness 0.0508)))
    )
    (fp_text value MICRO-USB_1_64 (at 3.8227 -0.2413) (layer F.SilkS)
      (effects (font (size 0.6096 0.6096) (thickness 0.0508)))
    )
    (fp_line (start 3.24866 2.59842) (end -3.24866 2.59842) (layer B.SilkS) (width 0.127))
    (fp_line (start -3.24866 -2.59842) (end -3.24866 0) (layer F.SilkS) (width 0.127))
    (fp_line (start 3.24866 -2.59842) (end 3.24866 0) (layer F.SilkS) (width 0.127))
    (fp_line (start -1.74752 -2.59842) (end 1.74752 -2.59842) (layer F.SilkS) (width 0.127))
    (fp_line (start -3.24866 2.19964) (end -3.24866 2.59842) (layer F.SilkS) (width 0.127))
    (fp_line (start 3.24866 2.59842) (end 3.24866 2.19964) (layer F.SilkS) (width 0.127))
    (pad D+ smd rect (at 0 -1.59766 270) (size 0.254 1.34874) (layers F.Cu F.Paste F.Mask)
      (net 4 /D+))
    (pad D- smd rect (at -0.6477 -1.59766 270) (size 0.254 1.34874) (layers F.Cu F.Paste F.Mask)
      (net 3 /D-))
    (pad GND smd rect (at 1.29794 -1.59766 270) (size 0.254 1.34874) (layers F.Cu F.Paste F.Mask)
      (net 2 GND))
    (pad GND@1 smd rect (at -2.49936 -1.94818 270) (size 1.19888 1.29794) (layers F.Cu F.Paste F.Mask))
    (pad GND@2 smd rect (at 2.49936 -1.94818 270) (size 1.19888 1.29794) (layers F.Cu F.Paste F.Mask))
    (pad GND@3 smd rect (at -2.17424 1.09982 270) (size 2.14884 1.89992) (layers F.Cu F.Paste F.Mask))
    (pad GND@4 smd rect (at 2.17424 1.09982 270) (size 2.14884 1.89992) (layers F.Cu F.Paste F.Mask))
    (pad ID smd rect (at 0.6477 -1.59766 270) (size 0.254 1.34874) (layers F.Cu F.Paste F.Mask))
    (pad VBUS smd rect (at -1.29794 -1.59766 270) (size 0.254 1.34874) (layers F.Cu F.Paste F.Mask)
      (net 1 VCC))
  )

  (module Capacitor_SMD:C_1206_3216Metric (layer F.Cu) (tedit 5B301BBE) (tstamp 5FA6B82A)
    (at 79 67.5 180)
    (descr "Capacitor SMD 1206 (3216 Metric), square (rectangular) end terminal, IPC_7351 nominal, (Body size source: http://www.tortai-tech.com/upload/download/2011102023233369053.pdf), generated with kicad-footprint-generator")
    (tags capacitor)
    (path /5F6EB467)
    (attr smd)
    (fp_text reference C1 (at 0 -1.82) (layer F.SilkS)
      (effects (font (size 1 1) (thickness 0.15)))
    )
    (fp_text value 1uF (at 0 1.82) (layer F.Fab)
      (effects (font (size 1 1) (thickness 0.15)))
    )
    (fp_line (start -1.6 0.8) (end -1.6 -0.8) (layer F.Fab) (width 0.1))
    (fp_line (start -1.6 -0.8) (end 1.6 -0.8) (layer F.Fab) (width 0.1))
    (fp_line (start 1.6 -0.8) (end 1.6 0.8) (layer F.Fab) (width 0.1))
    (fp_line (start 1.6 0.8) (end -1.6 0.8) (layer F.Fab) (width 0.1))
    (fp_line (start -0.602064 -0.91) (end 0.602064 -0.91) (layer F.SilkS) (width 0.12))
    (fp_line (start -0.602064 0.91) (end 0.602064 0.91) (layer F.SilkS) (width 0.12))
    (fp_line (start -2.28 1.12) (end -2.28 -1.12) (layer F.CrtYd) (width 0.05))
    (fp_line (start -2.28 -1.12) (end 2.28 -1.12) (layer F.CrtYd) (width 0.05))
    (fp_line (start 2.28 -1.12) (end 2.28 1.12) (layer F.CrtYd) (width 0.05))
    (fp_line (start 2.28 1.12) (end -2.28 1.12) (layer F.CrtYd) (width 0.05))
    (fp_text user %R (at 0 0) (layer F.Fab)
      (effects (font (size 0.8 0.8) (thickness 0.12)))
    )
    (pad 1 smd roundrect (at -1.4 0 180) (size 1.25 1.75) (layers F.Cu F.Paste F.Mask) (roundrect_rratio 0.2)
      (net 1 VCC))
    (pad 2 smd roundrect (at 1.4 0 180) (size 1.25 1.75) (layers F.Cu F.Paste F.Mask) (roundrect_rratio 0.2)
      (net 2 GND))
    (model ${KISYS3DMOD}/Capacitor_SMD.3dshapes/C_1206_3216Metric.wrl
      (at (xyz 0 0 0))
      (scale (xyz 1 1 1))
      (rotate (xyz 0 0 0))
    )
  )

  (module Connector_PinHeader_1.00mm:PinHeader_2x03_P1.00mm_Vertical_SMD (layer F.Cu) (tedit 59FED738) (tstamp 5FA6B83A)
    (at 78.5 58.75)
    (descr "surface-mounted straight pin header, 2x03, 1.00mm pitch, double rows")
    (tags "Surface mounted pin header SMD 2x03 1.00mm double row")
    (path /5F6E99D1)
    (attr smd)
    (fp_text reference JP1 (at 0 -2.56) (layer F.SilkS)
      (effects (font (size 1 1) (thickness 0.15)))
    )
    (fp_text value PINHD-2X3-SMD (at 0 2.56) (layer F.Fab)
      (effects (font (size 1 1) (thickness 0.15)))
    )
    (fp_line (start 1.15 1.5) (end -1.15 1.5) (layer F.Fab) (width 0.1))
    (fp_line (start -0.8 -1.5) (end 1.15 -1.5) (layer F.Fab) (width 0.1))
    (fp_line (start -1.15 1.5) (end -1.15 -1.15) (layer F.Fab) (width 0.1))
    (fp_line (start -1.15 -1.15) (end -0.8 -1.5) (layer F.Fab) (width 0.1))
    (fp_line (start 1.15 -1.5) (end 1.15 1.5) (layer F.Fab) (width 0.1))
    (fp_line (start -1.15 -1.15) (end -2.4 -1.15) (layer F.Fab) (width 0.1))
    (fp_line (start -2.4 -1.15) (end -2.4 -0.85) (layer F.Fab) (width 0.1))
    (fp_line (start -2.4 -0.85) (end -1.15 -0.85) (layer F.Fab) (width 0.1))
    (fp_line (start 1.15 -1.15) (end 2.4 -1.15) (layer F.Fab) (width 0.1))
    (fp_line (start 2.4 -1.15) (end 2.4 -0.85) (layer F.Fab) (width 0.1))
    (fp_line (start 2.4 -0.85) (end 1.15 -0.85) (layer F.Fab) (width 0.1))
    (fp_line (start -1.15 -0.15) (end -2.4 -0.15) (layer F.Fab) (width 0.1))
    (fp_line (start -2.4 -0.15) (end -2.4 0.15) (layer F.Fab) (width 0.1))
    (fp_line (start -2.4 0.15) (end -1.15 0.15) (layer F.Fab) (width 0.1))
    (fp_line (start 1.15 -0.15) (end 2.4 -0.15) (layer F.Fab) (width 0.1))
    (fp_line (start 2.4 -0.15) (end 2.4 0.15) (layer F.Fab) (width 0.1))
    (fp_line (start 2.4 0.15) (end 1.15 0.15) (layer F.Fab) (width 0.1))
    (fp_line (start -1.15 0.85) (end -2.4 0.85) (layer F.Fab) (width 0.1))
    (fp_line (start -2.4 0.85) (end -2.4 1.15) (layer F.Fab) (width 0.1))
    (fp_line (start -2.4 1.15) (end -1.15 1.15) (layer F.Fab) (width 0.1))
    (fp_line (start 1.15 0.85) (end 2.4 0.85) (layer F.Fab) (width 0.1))
    (fp_line (start 2.4 0.85) (end 2.4 1.15) (layer F.Fab) (width 0.1))
    (fp_line (start 2.4 1.15) (end 1.15 1.15) (layer F.Fab) (width 0.1))
    (fp_line (start -1.21 -1.56) (end 1.21 -1.56) (layer F.SilkS) (width 0.12))
    (fp_line (start -1.21 1.56) (end 1.21 1.56) (layer F.SilkS) (width 0.12))
    (fp_line (start -2.59 -1.51) (end -1.21 -1.51) (layer F.SilkS) (width 0.12))
    (fp_line (start -1.21 -1.56) (end -1.21 -1.51) (layer F.SilkS) (width 0.12))
    (fp_line (start 1.21 -1.56) (end 1.21 -1.51) (layer F.SilkS) (width 0.12))
    (fp_line (start -1.21 1.51) (end -1.21 1.56) (layer F.SilkS) (width 0.12))
    (fp_line (start 1.21 1.51) (end 1.21 1.56) (layer F.SilkS) (width 0.12))
    (fp_line (start -3.65 -2) (end -3.65 2) (layer F.CrtYd) (width 0.05))
    (fp_line (start -3.65 2) (end 3.65 2) (layer F.CrtYd) (width 0.05))
    (fp_line (start 3.65 2) (end 3.65 -2) (layer F.CrtYd) (width 0.05))
    (fp_line (start 3.65 -2) (end -3.65 -2) (layer F.CrtYd) (width 0.05))
    (fp_text user %R (at 0 0 90) (layer F.Fab)
      (effects (font (size 1 1) (thickness 0.15)))
    )
    (pad 1 smd rect (at -1.65 -1) (size 2 0.5) (layers F.Cu F.Paste F.Mask)
      (net 10 /MISO))
    (pad 2 smd rect (at 1.65 -1) (size 2 0.5) (layers F.Cu F.Paste F.Mask)
      (net 16 "Net-(JP1-Pad2)"))
    (pad 3 smd rect (at -1.65 0) (size 2 0.5) (layers F.Cu F.Paste F.Mask)
      (net 11 /SCK))
    (pad 4 smd rect (at 1.65 0) (size 2 0.5) (layers F.Cu F.Paste F.Mask)
      (net 9 /MOSI))
    (pad 5 smd rect (at -1.65 1) (size 2 0.5) (layers F.Cu F.Paste F.Mask)
      (net 12 /RST))
    (pad 6 smd rect (at 1.65 1) (size 2 0.5) (layers F.Cu F.Paste F.Mask)
      (net 2 GND))
    (model ${KISYS3DMOD}/Connector_PinHeader_1.00mm.3dshapes/PinHeader_2x03_P1.00mm_Vertical_SMD.wrl
      (at (xyz 0 0 0))
      (scale (xyz 1 1 1))
      (rotate (xyz 0 0 0))
    )
  )

  (module Connector_PinHeader_1.00mm:PinHeader_2x01_P1.00mm_Vertical_SMD (layer F.Cu) (tedit 59FED738) (tstamp 5FA6B866)
    (at 71.25 66 270)
    (descr "surface-mounted straight pin header, 2x01, 1.00mm pitch, double rows")
    (tags "Surface mounted pin header SMD 2x01 1.00mm double row")
    (path /5F8EC706)
    (attr smd)
    (fp_text reference M2 (at 0 -1.56 90) (layer F.SilkS)
      (effects (font (size 1 1) (thickness 0.15)))
    )
    (fp_text value PINHD-1x02-SMD-HEADER (at 0 1.56 90) (layer F.Fab)
      (effects (font (size 1 1) (thickness 0.15)))
    )
    (fp_line (start 1.15 0.5) (end -1.15 0.5) (layer F.Fab) (width 0.1))
    (fp_line (start -0.8 -0.5) (end 1.15 -0.5) (layer F.Fab) (width 0.1))
    (fp_line (start -1.15 0.5) (end -1.15 -0.15) (layer F.Fab) (width 0.1))
    (fp_line (start -1.15 -0.15) (end -0.8 -0.5) (layer F.Fab) (width 0.1))
    (fp_line (start 1.15 -0.5) (end 1.15 0.5) (layer F.Fab) (width 0.1))
    (fp_line (start -1.15 -0.15) (end -2.4 -0.15) (layer F.Fab) (width 0.1))
    (fp_line (start -2.4 -0.15) (end -2.4 0.15) (layer F.Fab) (width 0.1))
    (fp_line (start -2.4 0.15) (end -1.15 0.15) (layer F.Fab) (width 0.1))
    (fp_line (start 1.15 -0.15) (end 2.4 -0.15) (layer F.Fab) (width 0.1))
    (fp_line (start 2.4 -0.15) (end 2.4 0.15) (layer F.Fab) (width 0.1))
    (fp_line (start 2.4 0.15) (end 1.15 0.15) (layer F.Fab) (width 0.1))
    (fp_line (start -1.21 -0.56) (end 1.21 -0.56) (layer F.SilkS) (width 0.12))
    (fp_line (start -1.21 0.56) (end 1.21 0.56) (layer F.SilkS) (width 0.12))
    (fp_line (start -2.59 -0.51) (end -1.21 -0.51) (layer F.SilkS) (width 0.12))
    (fp_line (start -1.21 -0.56) (end -1.21 -0.51) (layer F.SilkS) (width 0.12))
    (fp_line (start 1.21 -0.56) (end 1.21 -0.51) (layer F.SilkS) (width 0.12))
    (fp_line (start -1.21 0.51) (end -1.21 0.56) (layer F.SilkS) (width 0.12))
    (fp_line (start 1.21 0.51) (end 1.21 0.56) (layer F.SilkS) (width 0.12))
    (fp_line (start -3.65 -1) (end -3.65 1) (layer F.CrtYd) (width 0.05))
    (fp_line (start -3.65 1) (end 3.65 1) (layer F.CrtYd) (width 0.05))
    (fp_line (start 3.65 1) (end 3.65 -1) (layer F.CrtYd) (width 0.05))
    (fp_line (start 3.65 -1) (end -3.65 -1) (layer F.CrtYd) (width 0.05))
    (fp_text user %R (at 0 0) (layer F.Fab)
      (effects (font (size 1 1) (thickness 0.15)))
    )
    (pad 1 smd rect (at -1.65 0 270) (size 2 0.5) (layers F.Cu F.Paste F.Mask)
      (net 12 /RST))
    (pad 2 smd rect (at 1.65 0 270) (size 2 0.5) (layers F.Cu F.Paste F.Mask)
      (net 7 /PB3))
    (model ${KISYS3DMOD}/Connector_PinHeader_1.00mm.3dshapes/PinHeader_2x01_P1.00mm_Vertical_SMD.wrl
      (at (xyz 0 0 0))
      (scale (xyz 1 1 1))
      (rotate (xyz 0 0 0))
    )
  )

  (module Resistor_SMD:R_1206_3216Metric (layer F.Cu) (tedit 5B301BBD) (tstamp 5FA6B882)
    (at 61 53.75 180)
    (descr "Resistor SMD 1206 (3216 Metric), square (rectangular) end terminal, IPC_7351 nominal, (Body size source: http://www.tortai-tech.com/upload/download/2011102023233369053.pdf), generated with kicad-footprint-generator")
    (tags resistor)
    (path /5F6E5992)
    (attr smd)
    (fp_text reference R1 (at 0 -1.82) (layer F.SilkS)
      (effects (font (size 1 1) (thickness 0.15)))
    )
    (fp_text value 0 (at 0 1.82) (layer F.Fab)
      (effects (font (size 1 1) (thickness 0.15)))
    )
    (fp_text user %R (at 0 0) (layer F.Fab)
      (effects (font (size 0.8 0.8) (thickness 0.12)))
    )
    (fp_line (start 2.28 1.12) (end -2.28 1.12) (layer F.CrtYd) (width 0.05))
    (fp_line (start 2.28 -1.12) (end 2.28 1.12) (layer F.CrtYd) (width 0.05))
    (fp_line (start -2.28 -1.12) (end 2.28 -1.12) (layer F.CrtYd) (width 0.05))
    (fp_line (start -2.28 1.12) (end -2.28 -1.12) (layer F.CrtYd) (width 0.05))
    (fp_line (start -0.602064 0.91) (end 0.602064 0.91) (layer F.SilkS) (width 0.12))
    (fp_line (start -0.602064 -0.91) (end 0.602064 -0.91) (layer F.SilkS) (width 0.12))
    (fp_line (start 1.6 0.8) (end -1.6 0.8) (layer F.Fab) (width 0.1))
    (fp_line (start 1.6 -0.8) (end 1.6 0.8) (layer F.Fab) (width 0.1))
    (fp_line (start -1.6 -0.8) (end 1.6 -0.8) (layer F.Fab) (width 0.1))
    (fp_line (start -1.6 0.8) (end -1.6 -0.8) (layer F.Fab) (width 0.1))
    (pad 2 smd roundrect (at 1.4 0 180) (size 1.25 1.75) (layers F.Cu F.Paste F.Mask) (roundrect_rratio 0.2)
      (net 3 /D-))
    (pad 1 smd roundrect (at -1.4 0 180) (size 1.25 1.75) (layers F.Cu F.Paste F.Mask) (roundrect_rratio 0.2)
      (net 16 "Net-(JP1-Pad2)"))
    (model ${KISYS3DMOD}/Resistor_SMD.3dshapes/R_1206_3216Metric.wrl
      (at (xyz 0 0 0))
      (scale (xyz 1 1 1))
      (rotate (xyz 0 0 0))
    )
  )

  (module Resistor_SMD:R_1206_3216Metric (layer F.Cu) (tedit 5B301BBD) (tstamp 5FA6B892)
    (at 79 65 180)
    (descr "Resistor SMD 1206 (3216 Metric), square (rectangular) end terminal, IPC_7351 nominal, (Body size source: http://www.tortai-tech.com/upload/download/2011102023233369053.pdf), generated with kicad-footprint-generator")
    (tags resistor)
    (path /5F8E38B9)
    (attr smd)
    (fp_text reference R2 (at 0 -1.82) (layer F.SilkS)
      (effects (font (size 1 1) (thickness 0.15)))
    )
    (fp_text value 10K (at 0 1.82) (layer F.Fab)
      (effects (font (size 1 1) (thickness 0.15)))
    )
    (fp_line (start -1.6 0.8) (end -1.6 -0.8) (layer F.Fab) (width 0.1))
    (fp_line (start -1.6 -0.8) (end 1.6 -0.8) (layer F.Fab) (width 0.1))
    (fp_line (start 1.6 -0.8) (end 1.6 0.8) (layer F.Fab) (width 0.1))
    (fp_line (start 1.6 0.8) (end -1.6 0.8) (layer F.Fab) (width 0.1))
    (fp_line (start -0.602064 -0.91) (end 0.602064 -0.91) (layer F.SilkS) (width 0.12))
    (fp_line (start -0.602064 0.91) (end 0.602064 0.91) (layer F.SilkS) (width 0.12))
    (fp_line (start -2.28 1.12) (end -2.28 -1.12) (layer F.CrtYd) (width 0.05))
    (fp_line (start -2.28 -1.12) (end 2.28 -1.12) (layer F.CrtYd) (width 0.05))
    (fp_line (start 2.28 -1.12) (end 2.28 1.12) (layer F.CrtYd) (width 0.05))
    (fp_line (start 2.28 1.12) (end -2.28 1.12) (layer F.CrtYd) (width 0.05))
    (fp_text user %R (at 0 0) (layer F.Fab)
      (effects (font (size 0.8 0.8) (thickness 0.12)))
    )
    (pad 1 smd roundrect (at -1.4 0 180) (size 1.25 1.75) (layers F.Cu F.Paste F.Mask) (roundrect_rratio 0.2)
      (net 1 VCC))
    (pad 2 smd roundrect (at 1.4 0 180) (size 1.25 1.75) (layers F.Cu F.Paste F.Mask) (roundrect_rratio 0.2)
      (net 7 /PB3))
    (model ${KISYS3DMOD}/Resistor_SMD.3dshapes/R_1206_3216Metric.wrl
      (at (xyz 0 0 0))
      (scale (xyz 1 1 1))
      (rotate (xyz 0 0 0))
    )
  )

  (module Resistor_SMD:R_1206_3216Metric (layer F.Cu) (tedit 5B301BBD) (tstamp 5FA6B8A2)
    (at 61 59.75)
    (descr "Resistor SMD 1206 (3216 Metric), square (rectangular) end terminal, IPC_7351 nominal, (Body size source: http://www.tortai-tech.com/upload/download/2011102023233369053.pdf), generated with kicad-footprint-generator")
    (tags resistor)
    (path /5F8C6925)
    (attr smd)
    (fp_text reference R3 (at 0 -1.82) (layer F.SilkS)
      (effects (font (size 1 1) (thickness 0.15)))
    )
    (fp_text value 100 (at 0 1.82) (layer F.Fab)
      (effects (font (size 1 1) (thickness 0.15)))
    )
    (fp_line (start -1.6 0.8) (end -1.6 -0.8) (layer F.Fab) (width 0.1))
    (fp_line (start -1.6 -0.8) (end 1.6 -0.8) (layer F.Fab) (width 0.1))
    (fp_line (start 1.6 -0.8) (end 1.6 0.8) (layer F.Fab) (width 0.1))
    (fp_line (start 1.6 0.8) (end -1.6 0.8) (layer F.Fab) (width 0.1))
    (fp_line (start -0.602064 -0.91) (end 0.602064 -0.91) (layer F.SilkS) (width 0.12))
    (fp_line (start -0.602064 0.91) (end 0.602064 0.91) (layer F.SilkS) (width 0.12))
    (fp_line (start -2.28 1.12) (end -2.28 -1.12) (layer F.CrtYd) (width 0.05))
    (fp_line (start -2.28 -1.12) (end 2.28 -1.12) (layer F.CrtYd) (width 0.05))
    (fp_line (start 2.28 -1.12) (end 2.28 1.12) (layer F.CrtYd) (width 0.05))
    (fp_line (start 2.28 1.12) (end -2.28 1.12) (layer F.CrtYd) (width 0.05))
    (fp_text user %R (at 0 0) (layer F.Fab)
      (effects (font (size 0.8 0.8) (thickness 0.12)))
    )
    (pad 1 smd roundrect (at -1.4 0) (size 1.25 1.75) (layers F.Cu F.Paste F.Mask) (roundrect_rratio 0.2)
      (net 4 /D+))
    (pad 2 smd roundrect (at 1.4 0) (size 1.25 1.75) (layers F.Cu F.Paste F.Mask) (roundrect_rratio 0.2)
      (net 8 "Net-(IC1-Pad5)"))
    (model ${KISYS3DMOD}/Resistor_SMD.3dshapes/R_1206_3216Metric.wrl
      (at (xyz 0 0 0))
      (scale (xyz 1 1 1))
      (rotate (xyz 0 0 0))
    )
  )

  (module Resistor_SMD:R_1206_3216Metric (layer F.Cu) (tedit 5B301BBD) (tstamp 5FA6B8B2)
    (at 53 55.75 270)
    (descr "Resistor SMD 1206 (3216 Metric), square (rectangular) end terminal, IPC_7351 nominal, (Body size source: http://www.tortai-tech.com/upload/download/2011102023233369053.pdf), generated with kicad-footprint-generator")
    (tags resistor)
    (path /5F6FE07F)
    (attr smd)
    (fp_text reference R4 (at 0 -1.82 90) (layer F.SilkS)
      (effects (font (size 1 1) (thickness 0.15)))
    )
    (fp_text value 1K (at 0 1.82 90) (layer F.Fab)
      (effects (font (size 1 1) (thickness 0.15)))
    )
    (fp_line (start -1.6 0.8) (end -1.6 -0.8) (layer F.Fab) (width 0.1))
    (fp_line (start -1.6 -0.8) (end 1.6 -0.8) (layer F.Fab) (width 0.1))
    (fp_line (start 1.6 -0.8) (end 1.6 0.8) (layer F.Fab) (width 0.1))
    (fp_line (start 1.6 0.8) (end -1.6 0.8) (layer F.Fab) (width 0.1))
    (fp_line (start -0.602064 -0.91) (end 0.602064 -0.91) (layer F.SilkS) (width 0.12))
    (fp_line (start -0.602064 0.91) (end 0.602064 0.91) (layer F.SilkS) (width 0.12))
    (fp_line (start -2.28 1.12) (end -2.28 -1.12) (layer F.CrtYd) (width 0.05))
    (fp_line (start -2.28 -1.12) (end 2.28 -1.12) (layer F.CrtYd) (width 0.05))
    (fp_line (start 2.28 -1.12) (end 2.28 1.12) (layer F.CrtYd) (width 0.05))
    (fp_line (start 2.28 1.12) (end -2.28 1.12) (layer F.CrtYd) (width 0.05))
    (fp_text user %R (at 0 0 90) (layer F.Fab)
      (effects (font (size 0.8 0.8) (thickness 0.12)))
    )
    (pad 1 smd roundrect (at -1.4 0 270) (size 1.25 1.75) (layers F.Cu F.Paste F.Mask) (roundrect_rratio 0.2)
      (net 17 "Net-(R4-Pad1)"))
    (pad 2 smd roundrect (at 1.4 0 270) (size 1.25 1.75) (layers F.Cu F.Paste F.Mask) (roundrect_rratio 0.2)
      (net 3 /D-))
    (model ${KISYS3DMOD}/Resistor_SMD.3dshapes/R_1206_3216Metric.wrl
      (at (xyz 0 0 0))
      (scale (xyz 1 1 1))
      (rotate (xyz 0 0 0))
    )
  )

  (module Resistor_SMD:R_1206_3216Metric (layer F.Cu) (tedit 5B301BBD) (tstamp 5FA6B8C2)
    (at 56 55.75 90)
    (descr "Resistor SMD 1206 (3216 Metric), square (rectangular) end terminal, IPC_7351 nominal, (Body size source: http://www.tortai-tech.com/upload/download/2011102023233369053.pdf), generated with kicad-footprint-generator")
    (tags resistor)
    (path /5F8A9CBD)
    (attr smd)
    (fp_text reference R5 (at 0 -1.82 90) (layer F.SilkS)
      (effects (font (size 1 1) (thickness 0.15)))
    )
    (fp_text value 499 (at 0 1.82 90) (layer F.Fab)
      (effects (font (size 1 1) (thickness 0.15)))
    )
    (fp_text user %R (at 0 0 90) (layer F.Fab)
      (effects (font (size 0.8 0.8) (thickness 0.12)))
    )
    (fp_line (start 2.28 1.12) (end -2.28 1.12) (layer F.CrtYd) (width 0.05))
    (fp_line (start 2.28 -1.12) (end 2.28 1.12) (layer F.CrtYd) (width 0.05))
    (fp_line (start -2.28 -1.12) (end 2.28 -1.12) (layer F.CrtYd) (width 0.05))
    (fp_line (start -2.28 1.12) (end -2.28 -1.12) (layer F.CrtYd) (width 0.05))
    (fp_line (start -0.602064 0.91) (end 0.602064 0.91) (layer F.SilkS) (width 0.12))
    (fp_line (start -0.602064 -0.91) (end 0.602064 -0.91) (layer F.SilkS) (width 0.12))
    (fp_line (start 1.6 0.8) (end -1.6 0.8) (layer F.Fab) (width 0.1))
    (fp_line (start 1.6 -0.8) (end 1.6 0.8) (layer F.Fab) (width 0.1))
    (fp_line (start -1.6 -0.8) (end 1.6 -0.8) (layer F.Fab) (width 0.1))
    (fp_line (start -1.6 0.8) (end -1.6 -0.8) (layer F.Fab) (width 0.1))
    (pad 2 smd roundrect (at 1.4 0 90) (size 1.25 1.75) (layers F.Cu F.Paste F.Mask) (roundrect_rratio 0.2)
      (net 17 "Net-(R4-Pad1)"))
    (pad 1 smd roundrect (at -1.4 0 90) (size 1.25 1.75) (layers F.Cu F.Paste F.Mask) (roundrect_rratio 0.2)
      (net 3 /D-))
    (model ${KISYS3DMOD}/Resistor_SMD.3dshapes/R_1206_3216Metric.wrl
      (at (xyz 0 0 0))
      (scale (xyz 1 1 1))
      (rotate (xyz 0 0 0))
    )
  )

  (module Resistor_SMD:R_1206_3216Metric (layer F.Cu) (tedit 5B301BBD) (tstamp 5FA6B8D2)
    (at 60.9 57.25)
    (descr "Resistor SMD 1206 (3216 Metric), square (rectangular) end terminal, IPC_7351 nominal, (Body size source: http://www.tortai-tech.com/upload/download/2011102023233369053.pdf), generated with kicad-footprint-generator")
    (tags resistor)
    (path /5F8C7BE4)
    (attr smd)
    (fp_text reference R6 (at 0 -1.82) (layer F.SilkS)
      (effects (font (size 1 1) (thickness 0.15)))
    )
    (fp_text value 100 (at 0 1.82) (layer F.Fab)
      (effects (font (size 1 1) (thickness 0.15)))
    )
    (fp_text user %R (at 0 0) (layer F.Fab)
      (effects (font (size 0.8 0.8) (thickness 0.12)))
    )
    (fp_line (start 2.28 1.12) (end -2.28 1.12) (layer F.CrtYd) (width 0.05))
    (fp_line (start 2.28 -1.12) (end 2.28 1.12) (layer F.CrtYd) (width 0.05))
    (fp_line (start -2.28 -1.12) (end 2.28 -1.12) (layer F.CrtYd) (width 0.05))
    (fp_line (start -2.28 1.12) (end -2.28 -1.12) (layer F.CrtYd) (width 0.05))
    (fp_line (start -0.602064 0.91) (end 0.602064 0.91) (layer F.SilkS) (width 0.12))
    (fp_line (start -0.602064 -0.91) (end 0.602064 -0.91) (layer F.SilkS) (width 0.12))
    (fp_line (start 1.6 0.8) (end -1.6 0.8) (layer F.Fab) (width 0.1))
    (fp_line (start 1.6 -0.8) (end 1.6 0.8) (layer F.Fab) (width 0.1))
    (fp_line (start -1.6 -0.8) (end 1.6 -0.8) (layer F.Fab) (width 0.1))
    (fp_line (start -1.6 0.8) (end -1.6 -0.8) (layer F.Fab) (width 0.1))
    (pad 2 smd roundrect (at 1.4 0) (size 1.25 1.75) (layers F.Cu F.Paste F.Mask) (roundrect_rratio 0.2)
      (net 15 "Net-(IC1-Pad13)"))
    (pad 1 smd roundrect (at -1.4 0) (size 1.25 1.75) (layers F.Cu F.Paste F.Mask) (roundrect_rratio 0.2)
      (net 3 /D-))
    (model ${KISYS3DMOD}/Resistor_SMD.3dshapes/R_1206_3216Metric.wrl
      (at (xyz 0 0 0))
      (scale (xyz 1 1 1))
      (rotate (xyz 0 0 0))
    )
  )

  (dimension 41 (width 0.12) (layer F.SilkS)
    (gr_text "41,000 mm" (at 65.25 47.48) (layer F.SilkS)
      (effects (font (size 1 1) (thickness 0.15)))
    )
    (feature1 (pts (xy 85.75 50.5) (xy 85.75 48.163579)))
    (feature2 (pts (xy 44.75 50.5) (xy 44.75 48.163579)))
    (crossbar (pts (xy 44.75 48.75) (xy 85.75 48.75)))
    (arrow1a (pts (xy 85.75 48.75) (xy 84.623496 49.336421)))
    (arrow1b (pts (xy 85.75 48.75) (xy 84.623496 48.163579)))
    (arrow2a (pts (xy 44.75 48.75) (xy 45.876504 49.336421)))
    (arrow2b (pts (xy 44.75 48.75) (xy 45.876504 48.163579)))
  )
  (gr_text ISP (at 48.25 67.75) (layer F.Cu)
    (effects (font (size 1.5 1.5) (thickness 0.3)))
  )
  (gr_line (start 85.75 70.25) (end 84.25 70.25) (layer Edge.Cuts) (width 0.05) (tstamp 5FA184A3))
  (gr_line (start 85.75 50.5) (end 85.75 70.25) (layer Edge.Cuts) (width 0.05))
  (gr_line (start 44.75 50.5) (end 44.75 70.25) (layer Edge.Cuts) (width 0.05) (tstamp 5FA184A2))
  (gr_line (start 84.25 50.5) (end 85.75 50.5) (layer Edge.Cuts) (width 0.05) (tstamp 5FA176DB))
  (gr_line (start 84.25 70.25) (end 44.75 70.25) (layer Edge.Cuts) (width 0.05))
  (gr_line (start 44.75 50.5) (end 84.25 50.5) (layer Edge.Cuts) (width 0.05))

  (segment (start 77 69.2185) (end 63.4685 69.2185) (width 0.25) (layer F.Cu) (net 1))
  (segment (start 63.4685 69.2185) (end 63 68.75) (width 0.25) (layer F.Cu) (net 1))
  (segment (start 64.19 62.475) (end 64.19 61.225) (width 0.25) (layer F.Cu) (net 1) (status 20))
  (segment (start 63 63.665) (end 64.19 62.475) (width 0.25) (layer F.Cu) (net 1))
  (segment (start 63 68.75) (end 63 63.665) (width 0.25) (layer F.Cu) (net 1))
  (segment (start 51.5 58.25) (end 50.79794 58.95206) (width 0.25) (layer F.Cu) (net 1))
  (segment (start 58.95001 51.79999) (end 58 52.75) (width 0.25) (layer F.Cu) (net 1))
  (segment (start 50.79794 58.95206) (end 49.259581 58.95206) (width 0.25) (layer F.Cu) (net 1))
  (segment (start 83.950009 55.063599) (end 80.686401 51.799991) (width 0.25) (layer F.Cu) (net 1))
  (segment (start 80.686401 51.799991) (end 58.95001 51.79999) (width 0.25) (layer F.Cu) (net 1))
  (segment (start 83.5 65) (end 83.950009 64.549991) (width 0.25) (layer F.Cu) (net 1))
  (segment (start 58 52.75) (end 52 52.75) (width 0.25) (layer F.Cu) (net 1))
  (segment (start 52 52.75) (end 51.5 53.25) (width 0.25) (layer F.Cu) (net 1))
  (segment (start 80.651 67.8175) (end 80.651 65) (width 0.25) (layer F.Cu) (net 1))
  (segment (start 80.651 65) (end 83.5 65) (width 0.25) (layer F.Cu) (net 1))
  (segment (start 51.5 53.25) (end 51.5 58.25) (width 0.25) (layer F.Cu) (net 1))
  (segment (start 83.950009 64.549991) (end 83.950009 55.063599) (width 0.25) (layer F.Cu) (net 1))
  (segment (start 79 69.4685) (end 80.651 67.8175) (width 0.25) (layer F.Cu) (net 1))
  (segment (start 54.5 64.94926) (end 53.19926 64.94926) (width 0.25) (layer F.Cu) (net 2) (status 10))
  (segment (start 53.19926 64.94926) (end 52.5 64.25) (width 0.25) (layer F.Cu) (net 2))
  (segment (start 52.5 64.25) (end 52.5 62.25) (width 0.25) (layer F.Cu) (net 2))
  (segment (start 51.79794 61.54794) (end 49.259581 61.54794) (width 0.25) (layer F.Cu) (net 2) (status 20))
  (segment (start 52.5 62.25) (end 51.79794 61.54794) (width 0.25) (layer F.Cu) (net 2))
  (segment (start 56.40005 64.94926) (end 54.5 64.94926) (width 0.25) (layer F.Cu) (net 2) (status 20))
  (segment (start 57.5 63.84931) (end 56.40005 64.94926) (width 0.25) (layer F.Cu) (net 2) (status 10))
  (segment (start 57.5 63.44926) (end 57.5 63.84931) (width 0.25) (layer F.Cu) (net 2) (status 30))
  (segment (start 64 55.25) (end 64 56.085) (width 0.25) (layer F.Cu) (net 2) (status 20))
  (segment (start 64 56.085) (end 64.19 56.275) (width 0.25) (layer F.Cu) (net 2) (status 30))
  (segment (start 61.5 55.25) (end 64 55.25) (width 0.25) (layer F.Cu) (net 2))
  (segment (start 61 55.75) (end 61.5 55.25) (width 0.25) (layer F.Cu) (net 2))
  (segment (start 61 62.25) (end 61 55.75) (width 0.25) (layer F.Cu) (net 2))
  (segment (start 59.80074 63.44926) (end 61 62.25) (width 0.25) (layer F.Cu) (net 2))
  (segment (start 57.5 63.44926) (end 59.80074 63.44926) (width 0.25) (layer F.Cu) (net 2) (status 10))
  (segment (start 66.5 66.25) (end 68.69945 66.25) (width 0.25) (layer F.Cu) (net 2) (status 10))
  (segment (start 80.5 52.25) (end 61.5 52.25) (width 0.25) (layer F.Cu) (net 2))
  (segment (start 83.5 55.25) (end 80.5 52.25) (width 0.25) (layer F.Cu) (net 2))
  (segment (start 83.5 61.25) (end 83.5 55.25) (width 0.25) (layer F.Cu) (net 2))
  (segment (start 81.5 63.25) (end 83.5 61.25) (width 0.25) (layer F.Cu) (net 2))
  (segment (start 61 52.75) (end 61 55.75) (width 0.25) (layer F.Cu) (net 2))
  (segment (start 79 67) (end 79 63.75) (width 0.25) (layer F.Cu) (net 2))
  (segment (start 61.5 52.25) (end 61 52.75) (width 0.25) (layer F.Cu) (net 2))
  (segment (start 79.5 63.25) (end 81.5 63.25) (width 0.25) (layer F.Cu) (net 2))
  (segment (start 79 63.75) (end 79.5 63.25) (width 0.25) (layer F.Cu) (net 2))
  (segment (start 78.5 67.5) (end 79 67) (width 0.25) (layer F.Cu) (net 2))
  (segment (start 77.349 67.5) (end 78.5 67.5) (width 0.25) (layer F.Cu) (net 2))
  (segment (start 53 58.75) (end 53 57.15) (width 0.25) (layer F.Cu) (net 3) (status 20))
